20
679219
437
04801
79270781293910459
431088
6104
149
8660923671817737779
41378041013058145
65208394100
31703337
09
430256
0461386245704504913
6754
483
7492330709847
2539812425
42346820385044541
1
58554393904030432
8
04472717501540637
451438905970934
4531348052513882367
926676029054
36270
99263030
966037651005429477
297118029
2344184663620629893
1061046748527649205
573822236163
558079231821503705

993554
6715315

79
394779158
44634935

9830329828
5772599399272034091
1
829215753486535
83497037804
1799877490830591061
0698506214507809944
79529025
42268972421
3827328
38370236038
158660906
38156266607
7106897044042
1
04390674

82014368620578457

9410729122
01784
26874788029537747
9777590777
2726490723103931220
49578799115601
459963583
21540736
320621
31985
889168112986130
887401300180252
879081212
2240630230576899568
330979
6095299265844404
967871355935733
10
22
8217278296140
179197327579
34613070375750503
15622226
927842516710170
83507857296835991

2971207571608431967
8563534
8259018404487
0789360570978867
2209
49
4
66487384264682
94
10668614764
410
811
35652520
69
5410929488680697
68
8736650455345
50839480059485982
57
9514042174
0793290921683151187
69480715
1029327
5602074068490158885
398
42576300
93167772014880324
796759459890828

136699
04
9
534183521690548277
73753937299393
48306141427766
21054246807997
160
083826033415306
45655320761199
938922717123
92430860724
55906
973218885411371137
964180
81748022220074902
52293333554678903
185997301
1963269590277131
888530451097009
14043615
58589874230337
50322
06
86033255718399
422939756
320135100
47556440466856
8584413879011
42492737
607625300224393705
779177856617590
9812829968286680
597747156
4807185452
74513772
47908
1287958604754
7564
6501826414

429984475566548
5479182
088

3055676246682327
8456
6027
31
3
463211045274
015975
49424144
6
838355080
5887
005116259059434
2452182892129
7800213401
6364872
670615509684
35381
2808
32451541683
5303092
51801
13
0399284745866

5
879
113
5595666
861098
5621209957
601872
397
6451953259322
26174
58896102
52
45107649
8801495768
37912

570922009947479
35380928668
13
7
883408
77

30234784819332
803869169
555801579048095351
3997473792351
8
0100799344821981367
36056494695497464
065915214104589570
1575569431120587
380246
2251917802
4211413930832

2023002789919560611
10915133351
68624090246
2989
2343905919
9
42382178367
072158297
7
67
9
5419
60421
10860547436863810
256605061951164759
621
2873735578
4674564292900
5382521354703998608
8733406033890614473
1182237632
3
4352
74
16732
6
242923657950792781
4650
55853956132539
663
84
6497482
8896168246781781

79962
377466074592
8118624690
256481783
979050560
5642
1897377961410
1606218671775
74216180831633844
81223481
5937500832067
924010728454
666974318367509501
7316826184306
96730107589
9167
31423299758

033424
9608537533664091869
1093
3305685813
02896131
68513051170744687
90188332921954105
9819779203537703
948007
018781783653739
2704773071
9705133
884326
6937529

6669727705554468
90017288
40353712792
2137275093565071675
440287703
92057950364
37972
179656383
81335288211241
35382440009
6776780323106
55180027496955
03991977139001
31922651818145940
419911937398148371
2

720712440489452680
56
91864606840052
65463
865338582983424666
42572
63014825500085
49508716612451
455026188
173341980368221048
56
2791
298563
3692752054951
5625772788
13369
64783341819
98644065
18820066
8004548210850086
6812320
6
302985320166658394
487448
571
50681717918642
833486
850391641657856475
375284965243084
209306635135
516470999014
81060605337057586
1958456
2970335
333972457
4307198862932528
447749473244
4640203957046614810
99
638891327445738
41993463406899692
402
3
84259534351633
0116713459188
21173607445267397


46
902378316417
781986831453383
53450278857
2075902700
12666803071519444
4018219
62032264958957
605483
28534841093452874
710673680
3784538690813
21479690
413051417183319796
9502742090813
842552770
707325005544
9525
40337616
48668456
4985434414235
12569309
457606
31580301898
2515148446127373
9
15970667706049
4924
67063528275
5901992
9489278
4437976118

03676995781632
2581100636793
00066364
732790357244
653773244797223

2402916927264
6851540294
2442
8
0864
908279077
3
45979

379759789
928432
954002122
980
2495306960062
16
3578
39756675
781648264140479187
17
822

96673
9835319369506
866044
828709719883
3108935
77138837811518
275374020758
20768407476
1332079194442629
6682602615718932493
3365324
9246407463740795120
2598644302748252804
8533
382362012207862

8750
107411
061953355965
7345936137235776
402293
333082188
7130404292285083
13746970183273144
27177796173294911
7233770106428
56431907873277
8419965081
581
370
6273785118085
796033655

79384
620804
6
906059
58582614
424225304383
988092
756558160130601461
309
37
5610656572415426385
802601044485
74320
28909956
57225788
8772218986436121
60
55
231373132124287319
950814395747106201
4337176914621
97280750936939
0786080
446085627724911
37645122886044
41523919655355
480526812601397477
10741126211673
15

4148963497365236
647136316392063286
195846857
22354414253517
794
06026367
9390171599501
146629823623258055
82
030
2454457706107931
5344
1681371158065209
07
4744511745
55607060
038927
0728929685521
4269048445128
436
36
61885091548
1038788420
176718768117375
97830203
90250
37
6799846824316050
1687443893199431
76366744515149
58964244
51
98608875
19175014912581301
42006411282220608
200335269188468
00217595655246083
610695
0566
0584
645255869287837
319
4
64
339545
0345256138141997896
94395234729544013
11
51617257
843
450219813
6325167734553513
8810009579149144623
20124586160200701
031251584083
181234431808349
609277
1

46
472322373
2128081420
11673081345344
996696769075191
6
716881561
2
04
15241
724918698390628
140614301
8062312160249763811
470371
2842
39714593385265
314
71
926
71167525337321352
67
96102050615825
882297977312536390
884960897758
140722104340843
799495667
8840602
5261674222478197410
941974978278962
0051619317
5756788428219130627
056881078924809
13557373387999229
6
9975283
854133
191778388730551819
7095
14
39626169
235413152839026017
5943787375611
24143290541863337
638157718211183978
3107008526972
2
73484490685958518
307085847270723
860061

0448055
49122
7541276061246153873
742599460678157
0587529426158994
08129512747064265
3131267
2596517306007
3920325897875
620823220185
41937341046
967523292
62455321
08260671501209040
5
91081
7174969516

88024734316262537
4977489
02033642811907
2914472613727
031377111
076
45802461400
6113733984
3654207260820160925
176396965991469155
129310261771698115
9973487975083434
59073837
4575327
965530263426
151260633631684
50529
3495925260403514997
18019172671120
853316013
82286885528562945
40426340360333
7
903162754124
76138
509568535
44
8498333
66
398472
92301
1930916306
8128555268281642257
8
844827
50119345
7889555369010
6490092597

459029
3617623896643135111
69867
5460550718108852
84340007
2
0234
6022
076193926189725
918433184625
68908664
75
029588582
8616
19
893521549869
9439377629
5
82762957501050560
092676006
264134410308857941
89161969

11265712942
8167643090073397839
05969
49601534828589508
9811718544
3131145006
131
8741810876894
651145536
08451
9944480023002

600783963147941
02143769999
8265479036156786761
4403722648811
087
22606011
14023404765724990
1372
65110700224612027
544976813200
2744084718
58378
385173596
3883849105250949785
749568543785100
18
01
489467064881267481
4
83411562807
028510848261206
5
8422
89823253635380021
3255347
2700729721099678261
216682946861614122
7619
1480007644158
99410
759
5675126718
709806546408
745319451916
9070964539417
64155681234738710
960868381662102679
44792690260070027
3423522236719
709191362762
1991139724241
2900958250341
508418618
2317
997911129
868
84111209131
574586719924893
3
4985473648017
0323
29565575885

98714
5
301332

1600103058932
3281042969228935475
0145114799
4269432
51145062044315
832433316890159
839
0407421051744421001
939
58073813827471924
98295536
18
9666910476430
5965882591395554384
65381
52

6472880722859545
102636506433412
89298809126615
2402697822
133180340553828371
1027853
3573914759636179

64049
106033100210711657
01733421
95981075
7271509115742
74
70724945595
3808428956881872
9693036759070
2480254777259
4189
2
425
7668
189743148659
757491
428
42517580
524767005164
5610
2007166685820452619
21138958492076
382931
890765460896084841
5863619291249706
9232
9258589909243
6
00815152025458494
033598
7322849
710
3807939090
6741313

4252341981917704476
5999806816395
43
93915851015

0697260118012
68163
2926363111
1177897440
1727426627
45257
1
484
1898361572
05102708596786875
9760
31489428658
04859507
88815798627081
89071247529563
12406890957
62731953739837887
991042345
00817547062213771
207
061015019601439425
54949040
6083088
7441882788333
7475
14
60617358
1
247908753
2384
639376770789601771
5638
236
65746
85
891503289331
1728740279
814206469
729302740
889497
087
135113553380
7945716396525
384936730229
59476
061685
937297455569844
644793801674994197
4002554020948124
497412778731042
9157448347144111158
6311191382
609374561537150401
144951481888994
26
636721074550019
3084047320
339556241015450
72795950764
576691
657882585697
3042697404939436
52
28045868
426
53
901838
365395
2298

26302930302822319
6926205685
755757986706
71209653572703955
285459083723419
894162585555
675411286188155831
2141847180767140
6764847
3044280735409771035
4654638103444
475520622347148135
30317991467
2426568051
742972730503122119
08682886415
4772649128020
7309260818
1608851092023509899
2
9135453863
35939
68350712743472875
3970373772203750060
19665195183603
4367566998
64868

87
572181300653
656550834
2
7570829
14192432
11874
5595442546508474419
281584359825165
8694777
3603
55042
2945511519045989
4400501949063
839948
00220
298914298332248166
108079
224824437125510
3269170636
107034398787494409
0591248736644389
90175511
6589701778
165078
691317
7084510063
13227073958
35007
03516
679
86335
7414
062604251314
65424443914826

3488
548993169398583
2673417969
26217350
68524319
84353504851250767

46727
23621204954183
9663
2009579578
071949
673
35007286
46
3
4438313
6341
101275166
09094
51684
49
65
368618338189028317
32104018901
28616157313140
83033074497925
4755786543
3623366548526829101
277725326
881
683815967230238513
2523699

951610528956574
323651707
4672620624
8675790544880604794
01982085900398
577654
6117054725
802343101601
37569042235267
5158308602563279015
7859474746172
0630873
259218340
66215301
720504
8
7486

35
4495129668422
390618546238826873
378062443119550
2380
90529
95876069111477411
3240
1231610221066638
22570566098
303636
72176
010216550757938
45908
